devided gluon number by 100
100.002433777
113.192344666
125.253067017
137.111602783
148.354904175
159.181335449
169.512283325
180.020263672
190.369720459
200.370788574
210.070129395
219.777511597
229.565551758
238.812316895
248.178268433
257.309936523
266.278656006
275.456115723
284.676513672
293.326843262
302.554748535
311.803466797
320.974884033
330.009002686
338.920715332
348.074920654
357.354492188
366.545654297
375.807556152
385.064208984
394.502746582
403.674468994
413.053436279
422.475402832
432.081237793
441.971893311
451.551025391
461.351226807
471.270874023
481.241546631
491.179718018
501.242706299
511.399017334
521.809326172
532.340393066
542.908081055
553.548950195
564.320129395
574.965698242
585.70489502
597.15625
608.703186035
620.512573242
632.071411133
644.055358887
656.469970703
668.927246094
681.407653809
694.249023438
706.944824219
719.956970215
733.454956055
747.371398926
761.042907715
775.591796875
790.374755859
805.502868652
820.600891113
836.616516113
853.072631836
869.57434082
886.967651367
904.784667969
922.942565918
941.692749023
960.867980957
980.464294434
1000.70330811
1022.34338379
1044.91125488
1068.28210449
1092.39318848
1117.26611328
1143.88195801
1172.30334473
1202.2611084
1233.52929688
1266.49694824
1302.0994873
1341.0904541
1382.65991211
1427.06933594
1477.72412109
1533.21533203
1596.64660645
1669.89770508
1754.93591309
1864.59558105
2015.55310059
2257.15112305
